{
 "cells": [
  {
   "cell_type": "markdown",
   "id": "fb5ac3a7",
   "metadata": {},
   "source": [
    "# CADENA DE MARKOV"
   ]
  },
  {
   "cell_type": "markdown",
   "id": "a4665ed3",
   "metadata": {},
   "source": [
    "Se asume que tenemos un puesto de restaurante donde solo servimos tres tipos de comida que son <br> \n",
    "hamburguesa, pizza y hot dog, pero tienen un patron especifico, solo sirven uno de estas tres comidas por dia y <br>\n",
    "depende de lo que hayan servido el dia anterior, en terminos generales se busca la manera de predecir lo que <br>\n",
    "serviran mañana si sabemos lo que sirvieron hoy y las ganancias estimadas a obtener. <br>\n",
    "Por ejemplo, hay una probabilidad de 60% de que mañana sea un dia de pizza dado que hoy es una <br> \n",
    "hamburguesa, hay una probabilidad de 20% de que mañana vuelvan a servir hamburguesas y la probabilidad <br>\n",
    "restante es para transitar a hot dog. <br>\n",
    "En el caso de la pizza es practicamente nulo que se repita, pero puede pasar al menu del dia en un 30% para <br>\n",
    "hamburguesa y un 70% para hot dog. <br>\n",
    "El hot dog es de los productos mas vendidos y se puede repetir en un 50%, por reglas del negocio no puede <br>\n",
    "pasar a ventas de pizza, pero si puede transitar en el porcentaje restante al menu de hamburguesas.\n",
    "\n",
    "Se desea determinar <br>\n",
    "- El restaurante sirvio pizza el primer dia y hamburguesa el segundo, nuevamente pizza el tercer dia, ¿Cual <br> \n",
    "es la probabilidad de que sirvan hot dogs el cuarto dia?\n",
    "\n",
    "- Las estadisticas de inicio indican que se vendieron el primer dia 30 hamburguesas, 10 pizzas y 40 hot dogs. <br>\n",
    "la ganancia estimada por cada tipo de alimento es de 40 pesos, 50 pesos y 25 pesos respectivamente, <br>\n",
    "¿Cual sera la utilidad mensual(30 dias) esperada de ganancias para el negocio acorde a la cadena de markov?"
   ]
  },
  {
   "cell_type": "code",
   "execution_count": 180,
   "id": "0c333916",
   "metadata": {},
   "outputs": [
    {
     "data": {
      "text/plain": [
       "matrix([[0.2, 0.6, 0.2],\n",
       "        [0.3, 0. , 0.7],\n",
       "        [0.5, 0. , 0.5]])"
      ]
     },
     "execution_count": 180,
     "metadata": {},
     "output_type": "execute_result"
    }
   ],
   "source": [
    "\"\"\"\"\n",
    "    H    P    HD\n",
    "H [0.2, 0.6, 0.2]\n",
    "P [0.3, 0, 0.7]\n",
    "HD [0.5, 0, 0.5]\n",
    "\"\"\"\n",
    "#¿CUALES SON LOS PORCENTAJES DE MERCADO EN EL ESTADO ESTABLE PARA LAS DOS CERVECERIAS MAS GRANDES?\n",
    "\n",
    "import numpy as np\n",
    "m1 = np.matrix([[0.2, 0.6, 0.2],[0.3, 0, 0.7], [0.5, 0, 0.5]])\n",
    "m1"
   ]
  },
  {
   "cell_type": "code",
   "execution_count": 181,
   "id": "983ea208",
   "metadata": {},
   "outputs": [],
   "source": [
    "m_aux = np.matrix([[], [], []])\n",
    "m_aux_anterior = np.matrix([[], [], []])"
   ]
  },
  {
   "cell_type": "code",
   "execution_count": 182,
   "id": "04937f90",
   "metadata": {},
   "outputs": [
    {
     "name": "stdout",
     "output_type": "stream",
     "text": [
      "[[0.32 0.12 0.56]\n",
      " [0.41 0.18 0.41]\n",
      " [0.35 0.3  0.35]]\n",
      "1------------- 1\n",
      "[[0.38  0.192 0.428]\n",
      " [0.341 0.246 0.413]\n",
      " [0.335 0.21  0.455]]\n",
      "2 ------- 2\n",
      "[[0.3476 0.228  0.4244]\n",
      " [0.3485 0.2046 0.4469]\n",
      " [0.3575 0.201  0.4415]]\n",
      "3 ------- 3\n",
      "[[0.35012 0.20856 0.44132]\n",
      " [0.35453 0.2091  0.43637]\n",
      " [0.35255 0.2145  0.43295]]\n",
      "4 ------- 4\n",
      "[[0.353252 0.210072 0.436676]\n",
      " [0.351821 0.212718 0.435461]\n",
      " [0.351335 0.21153  0.437135]]\n",
      "5 ------- 5\n",
      "[[0.35201   0.2119512 0.4360388]\n",
      " [0.3519101 0.2110926 0.4369973]\n",
      " [0.3522935 0.210801  0.4369055]]\n",
      "6 ------- 6\n",
      "[[0.35200676 0.211206   0.43678724]\n",
      " [0.35220845 0.21114606 0.43664549]\n",
      " [0.35215175 0.2113761  0.43647215]]\n",
      "7 ------- 7\n",
      "[[0.35215677 0.21120406 0.43663917]\n",
      " [0.35210825 0.21132507 0.43656668]\n",
      " [0.35207925 0.21129105 0.43662969]]\n",
      "8 ------- 8\n",
      "[[0.35211216 0.21129406 0.43659378]\n",
      " [0.35210251 0.21126495 0.43663254]\n",
      " [0.35211801 0.21124755 0.43663443]]\n",
      "9 ------- 9\n",
      "[[0.35210754 0.21126729 0.43662517]\n",
      " [0.35211626 0.21126151 0.43662224]\n",
      " [0.35211509 0.21127081 0.43661411]]\n",
      "10 ------- 10\n",
      "[[0.35211428 0.21126452 0.4366212 ]\n",
      " [0.35211282 0.21126975 0.43661742]\n",
      " [0.35211131 0.21126905 0.43661964]]\n",
      "11 ------- 11\n",
      "[[0.35211281 0.21126857 0.43661862]\n",
      " [0.3521122  0.21126769 0.4366201 ]\n",
      " [0.3521128  0.21126679 0.43662042]]\n",
      "12 ------- 12\n",
      "[[0.35211244 0.21126769 0.43661987]\n",
      " [0.3521128  0.21126732 0.43661988]\n",
      " [0.3521128  0.21126768 0.43661952]]\n",
      "13 ------- 13\n",
      "[[0.35211273 0.21126747 0.4366198 ]\n",
      " [0.3521127  0.21126768 0.43661962]\n",
      " [0.35211262 0.21126768 0.43661969]]\n",
      "14 ------- 14\n",
      "[[0.35211269 0.21126764 0.43661967]\n",
      " [0.35211266 0.21126762 0.43661973]\n",
      " [0.35211268 0.21126757 0.43661975]]\n",
      "15 ------- 15\n",
      "[[0.35211267 0.21126761 0.43661972]\n",
      " [0.35211268 0.21126759 0.43661973]\n",
      " [0.35211268 0.21126761 0.43661971]]\n",
      "16 ------- 16\n",
      "[[0.35211268 0.2112676  0.43661972]\n",
      " [0.35211268 0.21126761 0.43661971]\n",
      " [0.35211267 0.21126761 0.43661972]]\n",
      "17 ------- 17\n",
      "[[0.35211268 0.21126761 0.43661972]\n",
      " [0.35211268 0.21126761 0.43661972]\n",
      " [0.35211268 0.2112676  0.43661972]]\n",
      "18 ------- 18\n",
      "[[0.35211268 0.21126761 0.43661972]\n",
      " [0.35211268 0.21126761 0.43661972]\n",
      " [0.35211268 0.21126761 0.43661972]]\n",
      "19 ------- 19\n",
      "[[0.35211268 0.21126761 0.43661972]\n",
      " [0.35211268 0.21126761 0.43661972]\n",
      " [0.35211268 0.21126761 0.43661972]]\n",
      "20 ------- 20\n",
      "[[0.35211268 0.21126761 0.43661972]\n",
      " [0.35211268 0.21126761 0.43661972]\n",
      " [0.35211268 0.21126761 0.43661972]]\n",
      "21 ------- 21\n",
      "[[0.35211268 0.21126761 0.43661972]\n",
      " [0.35211268 0.21126761 0.43661972]\n",
      " [0.35211268 0.21126761 0.43661972]]\n",
      "22 ------- 22\n",
      "[[0.35211268 0.21126761 0.43661972]\n",
      " [0.35211268 0.21126761 0.43661972]\n",
      " [0.35211268 0.21126761 0.43661972]]\n",
      "23 ------- 23\n",
      "[[0.35211268 0.21126761 0.43661972]\n",
      " [0.35211268 0.21126761 0.43661972]\n",
      " [0.35211268 0.21126761 0.43661972]]\n",
      "24 ------- 24\n",
      "[[0.35211268 0.21126761 0.43661972]\n",
      " [0.35211268 0.21126761 0.43661972]\n",
      " [0.35211268 0.21126761 0.43661972]]\n",
      "25 ------- 25\n",
      "[[0.35211268 0.21126761 0.43661972]\n",
      " [0.35211268 0.21126761 0.43661972]\n",
      " [0.35211268 0.21126761 0.43661972]]\n",
      "26 ------- 26\n",
      "[[0.35211268 0.21126761 0.43661972]\n",
      " [0.35211268 0.21126761 0.43661972]\n",
      " [0.35211268 0.21126761 0.43661972]]\n",
      "27 ------- 27\n",
      "[[0.35211268 0.21126761 0.43661972]\n",
      " [0.35211268 0.21126761 0.43661972]\n",
      " [0.35211268 0.21126761 0.43661972]]\n",
      "28 ------- 28\n",
      "[[0.35211268 0.21126761 0.43661972]\n",
      " [0.35211268 0.21126761 0.43661972]\n",
      " [0.35211268 0.21126761 0.43661972]]\n",
      "29 ------- 29\n",
      "[[0.35211268 0.21126761 0.43661972]\n",
      " [0.35211268 0.21126761 0.43661972]\n",
      " [0.35211268 0.21126761 0.43661972]]\n",
      "30 ------- 30\n",
      "[[0.35211268 0.21126761 0.43661972]\n",
      " [0.35211268 0.21126761 0.43661972]\n",
      " [0.35211268 0.21126761 0.43661972]]\n",
      "31 ------- 31\n",
      "[[0.35211268 0.21126761 0.43661972]\n",
      " [0.35211268 0.21126761 0.43661972]\n",
      " [0.35211268 0.21126761 0.43661972]]\n",
      "32 ------- 32\n",
      "[[0.35211268 0.21126761 0.43661972]\n",
      " [0.35211268 0.21126761 0.43661972]\n",
      " [0.35211268 0.21126761 0.43661972]]\n",
      "33 ------- 33\n",
      "[[0.35211268 0.21126761 0.43661972]\n",
      " [0.35211268 0.21126761 0.43661972]\n",
      " [0.35211268 0.21126761 0.43661972]]\n",
      "34 ------- 34\n",
      "[[0.35211268 0.21126761 0.43661972]\n",
      " [0.35211268 0.21126761 0.43661972]\n",
      " [0.35211268 0.21126761 0.43661972]]\n",
      "35 ------- 35\n",
      "[[0.35211268 0.21126761 0.43661972]\n",
      " [0.35211268 0.21126761 0.43661972]\n",
      " [0.35211268 0.21126761 0.43661972]]\n",
      "36 ------- 36\n",
      "[[0.35211268 0.21126761 0.43661972]\n",
      " [0.35211268 0.21126761 0.43661972]\n",
      " [0.35211268 0.21126761 0.43661972]]\n",
      "37 ------- 37\n",
      "[[0.35211268 0.21126761 0.43661972]\n",
      " [0.35211268 0.21126761 0.43661972]\n",
      " [0.35211268 0.21126761 0.43661972]]\n",
      "\n",
      "La matriz estable es:\n",
      " [[0.3521 0.2113 0.4366]\n",
      " [0.3521 0.2113 0.4366]\n",
      " [0.3521 0.2113 0.4366]]\n",
      "-------------------\n",
      "[[0.352 0.211 0.437]\n",
      " [0.352 0.211 0.437]\n",
      " [0.352 0.211 0.437]]\n"
     ]
    }
   ],
   "source": [
    "#DETECTAR MATRIZ ESTABLE\n",
    "for i in range(1000):\n",
    "    if i == 0:\n",
    "        m_aux = np.dot(m1, m1)\n",
    "        print(m_aux)\n",
    "        print(\"1-------------\", i + 1)\n",
    "    else:\n",
    "        y = i + 1\n",
    "        m_aux_anterior = m_aux\n",
    "        m_aux = np.dot(m_aux, m1)\n",
    "        print(m_aux)\n",
    "        if (np.array_equal(m_aux, m_aux_anterior)):\n",
    "            break\n",
    "        print(y, \"-------\", i + 1)\n",
    "print()\n",
    "print(\"La matriz estable es:\\n\", np.round(m_aux, 4))\n",
    "print(\"-------------------\")\n",
    "print(np.round(m_aux, 3))"
   ]
  },
  {
   "cell_type": "code",
   "execution_count": 183,
   "id": "2a75cf4b",
   "metadata": {},
   "outputs": [
    {
     "name": "stdout",
     "output_type": "stream",
     "text": [
      "Probabilidades para el día 4: [[0.3 0.  0.7]]\n"
     ]
    }
   ],
   "source": [
    "x_dia3 = np.array([0, 1, 0])\n",
    "\n",
    "# Probabilidades para el día 4\n",
    "x_dia4 = x_dia3 * m1\n",
    "\n",
    "print(\"Probabilidades para el día 4:\", x_dia4)\n"
   ]
  },
  {
   "cell_type": "code",
   "execution_count": 184,
   "id": "f1397179",
   "metadata": {},
   "outputs": [
    {
     "name": "stdout",
     "output_type": "stream",
     "text": [
      "Utilidad del día: 2700\n",
      "Utilidad mensual: 81000\n"
     ]
    }
   ],
   "source": [
    "alimentos = np.matrix([[30, 10, 40]])\n",
    "\n",
    "precios = np.matrix([[40], [50], [25]])\n",
    "\n",
    "util_dia = alimentos @ precios\n",
    "\n",
    "print(\"Utilidad del día:\", util_dia[0, 0])\n",
    "\n",
    "util_mensual = util_dia * 30\n",
    "print(\"Utilidad mensual:\", util_mensual[0, 0])"
   ]
  },
  {
   "cell_type": "markdown",
   "id": "26ae99c1",
   "metadata": {},
   "source": [
    "# LINEAS DE ESPERA (COLAS)"
   ]
  },
  {
   "cell_type": "code",
   "execution_count": 185,
   "id": "63f2697a",
   "metadata": {},
   "outputs": [],
   "source": [
    "from math import factorial"
   ]
  },
  {
   "cell_type": "code",
   "execution_count": 186,
   "id": "0d2ec6ea",
   "metadata": {},
   "outputs": [],
   "source": [
    "#UtilizacionPromedio\n",
    "def p(tasaLlegada, tasaServicio, servidores):\n",
    "    return (float(tasaLlegada/(tasaServicio*servidores)))"
   ]
  },
  {
   "cell_type": "code",
   "execution_count": 187,
   "id": "1c0d75d4",
   "metadata": {},
   "outputs": [],
   "source": [
    "#p0\n",
    "def pZero(tasaLlegada, tasaServicio, servidores):\n",
    "    calc_parte1 = 0\n",
    "    for x in range(servidores):\n",
    "        calc_parte1 += ((tasaLlegada/tasaServicio)**x)/factorial(x)\n",
    "    seccion1 = ((tasaLlegada/tasaServicio)**servidores/factorial(servidores))\n",
    "    seccion2 = 1/(1-p(tasaLlegada, tasaServicio, servidores))\n",
    "    result_seccion2 = seccion1 * seccion2\n",
    "    return 1/ (calc_parte1 + result_seccion2)"
   ]
  },
  {
   "cell_type": "code",
   "execution_count": 188,
   "id": "4217a9c5",
   "metadata": {},
   "outputs": [],
   "source": [
    "#CANTIDAD PROMEDIO DE PACIENTES EN COLA (LQ)\n",
    "def lq(tasaServicio, tasaLlegada, servidores):\n",
    "    num = pZero(tasaLlegada, tasaServicio, servidores) * ((tasaLlegada/tasaServicio)**servidores) * p(tasaLlegada, tasaServicio, servidores)\n",
    "    den = factorial(servidores) * ((1-p(tasaLlegada, tasaServicio, servidores))**2)\n",
    "\n",
    "    return num/den"
   ]
  },
  {
   "cell_type": "code",
   "execution_count": 189,
   "id": "3e72efff",
   "metadata": {},
   "outputs": [],
   "source": [
    "#CANTIDAD PROMEDIO DE PACIENTES EN EL SISTEMA\n",
    "def l(tasaServicio, tasaLlegada, servidores):\n",
    "    return lq(tasaServicio, tasaLlegada, servidores) + (tasaLlegada/tasaServicio)"
   ]
  },
  {
   "cell_type": "code",
   "execution_count": 190,
   "id": "11732615",
   "metadata": {},
   "outputs": [],
   "source": [
    "#TIEMPO PROMEDIO EN COLA\n",
    "def wq(tasaServicio, tasaLlegada, servidores):\n",
    "    return lq(tasaServicio, tasaLlegada, servidores) / tasaLlegada  "
   ]
  },
  {
   "cell_type": "code",
   "execution_count": 191,
   "id": "e4e1e8a4",
   "metadata": {},
   "outputs": [],
   "source": [
    "def w(tasaServicio, tasaLlegada, servidores):\n",
    "    return wq(tasaServicio, tasaLlegada, servidores) + (1/tasaServicio)"
   ]
  },
  {
   "cell_type": "code",
   "execution_count": 192,
   "id": "febf5316",
   "metadata": {},
   "outputs": [],
   "source": [
    "tasaLlegada = 12\n",
    "tasaServicio = 9\n",
    "servidores = 3"
   ]
  },
  {
   "cell_type": "code",
   "execution_count": 193,
   "id": "4e143e49",
   "metadata": {},
   "outputs": [
    {
     "name": "stdout",
     "output_type": "stream",
     "text": [
      "Cantidad promedio de pacientes en cola:  0.14463276836158187\n",
      "Cantidad promedio de pacientes en el sistema:  1.477966101694915\n",
      "Tiempo promedio en cola:  0.01205273069679849\n",
      "Tiempo promedio de permanencia en el sistema:  0.1231638418079096\n"
     ]
    }
   ],
   "source": [
    "#¿Cantidad promedio de pacientes en cola?\n",
    "print(\"Cantidad promedio de pacientes en cola: \", lq(tasaServicio, tasaLlegada, servidores))\n",
    "\n",
    "#¿Cantidad promedio de pacientes en el sistema?\n",
    "print(\"Cantidad promedio de pacientes en el sistema: \", l(tasaServicio, tasaLlegada, servidores))\n",
    "\n",
    "#¿Tiempo promedio en cola?\n",
    "print(\"Tiempo promedio en cola: \", wq(tasaServicio, tasaLlegada, servidores))\n",
    "\n",
    "#¿Tiempo promedio en el sistema?\n",
    "print(\"Tiempo promedio de permanencia en el sistema: \", w(tasaServicio, tasaLlegada, servidores))"
   ]
  },
  {
   "cell_type": "code",
   "execution_count": 194,
   "id": "6a80636c",
   "metadata": {},
   "outputs": [],
   "source": [
    "# ¿Contrataria a no a un cuarto medico, por que si o por que no?\n",
    "\n",
    "tasaLlegada = 12\n",
    "tasaServicio = 9\n",
    "servidores = 4"
   ]
  },
  {
   "cell_type": "code",
   "execution_count": 195,
   "id": "8b4d2206",
   "metadata": {},
   "outputs": [
    {
     "name": "stdout",
     "output_type": "stream",
     "text": [
      "Cantidad promedio de pacientes en cola:  0.025889967637540447\n",
      "Cantidad promedio de pacientes en el sistema:  1.3592233009708736\n",
      "Tiempo promedio en cola:  0.0021574973031283705\n",
      "Tiempo promedio de permanencia en el sistema:  0.11326860841423947\n"
     ]
    }
   ],
   "source": [
    "#¿Cantidad promedio de pacientes en cola?\n",
    "print(\"Cantidad promedio de pacientes en cola: \", lq(tasaServicio, tasaLlegada, servidores))\n",
    "\n",
    "#¿Cantidad promedio de pacientes en el sistema?\n",
    "print(\"Cantidad promedio de pacientes en el sistema: \", l(tasaServicio, tasaLlegada, servidores))\n",
    "\n",
    "#¿Tiempo promedio en cola?\n",
    "print(\"Tiempo promedio en cola: \", wq(tasaServicio, tasaLlegada, servidores))\n",
    "\n",
    "#¿Tiempo promedio en el sistema?\n",
    "print(\"Tiempo promedio de permanencia en el sistema: \", w(tasaServicio, tasaLlegada, servidores))"
   ]
  },
  {
   "cell_type": "markdown",
   "id": "ac8604ec",
   "metadata": {},
   "source": [
    "No se recomendaría contratar un cuarto médico, porque el sistema actual con 3 médicos ya opera de manera eficiente."
   ]
  }
 ],
 "metadata": {
  "kernelspec": {
   "display_name": "Python 3",
   "language": "python",
   "name": "python3"
  },
  "language_info": {
   "codemirror_mode": {
    "name": "ipython",
    "version": 3
   },
   "file_extension": ".py",
   "mimetype": "text/x-python",
   "name": "python",
   "nbconvert_exporter": "python",
   "pygments_lexer": "ipython3",
   "version": "3.10.11"
  }
 },
 "nbformat": 4,
 "nbformat_minor": 5
}
