{
 "cells": [
  {
   "cell_type": "markdown",
   "id": "7dc2c69a",
   "metadata": {},
   "source": [
    "# Cadenas de Markov"
   ]
  },
  {
   "cell_type": "markdown",
   "id": "41e3ea8f",
   "metadata": {},
   "source": [
    "1.- (Cadena de MARKOV) El departamento de estudios de mercado de una fábrica estima que el 20% de la gente que compra un producto un mes, no lo comprará el mes siguiente.\n",
    "\n",
    "Además, el 30% de quienes no lo compren un mes lo adquirirá al mes siguiente.\n",
    "\n",
    "En una población de 1000 individuos, 100 compraron el producto el primer mes. ¿Cuántos lo comprarán al mes próximo? ¿Y dentro de dos meses?"
   ]
  },
  {
   "cell_type": "code",
   "execution_count": 125,
   "id": "cd89e5d6",
   "metadata": {},
   "outputs": [
    {
     "data": {
      "text/plain": [
       "matrix([[0.7, 0.3],\n",
       "        [0.2, 0.8]])"
      ]
     },
     "execution_count": 125,
     "metadata": {},
     "output_type": "execute_result"
    }
   ],
   "source": [
    "\"\"\" \n",
    "    NC  SC\n",
    "NC  0.7 0.3\n",
    "SC  0.2 0.8\n",
    "\"\"\"\n",
    "import numpy as np\n",
    "m1 = np.matrix([[0.7, 0.3], [0.2, 0.8]])\n",
    "m1"
   ]
  },
  {
   "cell_type": "code",
   "execution_count": 126,
   "id": "3f8e241c",
   "metadata": {},
   "outputs": [],
   "source": [
    "m_aux = np.matrix([[], []])\n",
    "m_aux_anterior = np.matrix([[], []])"
   ]
  },
  {
   "cell_type": "code",
   "execution_count": 127,
   "id": "ffe1cf30",
   "metadata": {},
   "outputs": [
    {
     "name": "stdout",
     "output_type": "stream",
     "text": [
      "[[0.55 0.45]\n",
      " [0.3  0.7 ]]\n",
      "1------------- 1\n",
      "[[0.475 0.525]\n",
      " [0.35  0.65 ]]\n",
      "2 ------- 2\n",
      "[[0.4375 0.5625]\n",
      " [0.375  0.625 ]]\n",
      "3 ------- 3\n",
      "[[0.41875 0.58125]\n",
      " [0.3875  0.6125 ]]\n",
      "4 ------- 4\n",
      "[[0.409375 0.590625]\n",
      " [0.39375  0.60625 ]]\n",
      "5 ------- 5\n",
      "[[0.4046875 0.5953125]\n",
      " [0.396875  0.603125 ]]\n",
      "6 ------- 6\n",
      "[[0.40234375 0.59765625]\n",
      " [0.3984375  0.6015625 ]]\n",
      "7 ------- 7\n",
      "[[0.40117188 0.59882813]\n",
      " [0.39921875 0.60078125]]\n",
      "8 ------- 8\n",
      "[[0.40058594 0.59941406]\n",
      " [0.39960938 0.60039063]]\n",
      "9 ------- 9\n",
      "[[0.40029297 0.59970703]\n",
      " [0.39980469 0.60019531]]\n",
      "10 ------- 10\n",
      "[[0.40014648 0.59985352]\n",
      " [0.39990234 0.60009766]]\n",
      "11 ------- 11\n",
      "[[0.40007324 0.59992676]\n",
      " [0.39995117 0.60004883]]\n",
      "12 ------- 12\n",
      "[[0.40003662 0.59996338]\n",
      " [0.39997559 0.60002441]]\n",
      "13 ------- 13\n",
      "[[0.40001831 0.59998169]\n",
      " [0.39998779 0.60001221]]\n",
      "14 ------- 14\n",
      "[[0.40000916 0.59999084]\n",
      " [0.3999939  0.6000061 ]]\n",
      "15 ------- 15\n",
      "[[0.40000458 0.59999542]\n",
      " [0.39999695 0.60000305]]\n",
      "16 ------- 16\n",
      "[[0.40000229 0.59999771]\n",
      " [0.39999847 0.60000153]]\n",
      "17 ------- 17\n",
      "[[0.40000114 0.59999886]\n",
      " [0.39999924 0.60000076]]\n",
      "18 ------- 18\n",
      "[[0.40000057 0.59999943]\n",
      " [0.39999962 0.60000038]]\n",
      "19 ------- 19\n",
      "[[0.40000029 0.59999971]\n",
      " [0.39999981 0.60000019]]\n",
      "20 ------- 20\n",
      "[[0.40000014 0.59999986]\n",
      " [0.3999999  0.6000001 ]]\n",
      "21 ------- 21\n",
      "[[0.40000007 0.59999993]\n",
      " [0.39999995 0.60000005]]\n",
      "22 ------- 22\n",
      "[[0.40000004 0.59999996]\n",
      " [0.39999998 0.60000002]]\n",
      "23 ------- 23\n",
      "[[0.40000002 0.59999998]\n",
      " [0.39999999 0.60000001]]\n",
      "24 ------- 24\n",
      "[[0.40000001 0.59999999]\n",
      " [0.39999999 0.60000001]]\n",
      "25 ------- 25\n",
      "[[0.4 0.6]\n",
      " [0.4 0.6]]\n",
      "26 ------- 26\n",
      "[[0.4 0.6]\n",
      " [0.4 0.6]]\n",
      "27 ------- 27\n",
      "[[0.4 0.6]\n",
      " [0.4 0.6]]\n",
      "28 ------- 28\n",
      "[[0.4 0.6]\n",
      " [0.4 0.6]]\n",
      "29 ------- 29\n",
      "[[0.4 0.6]\n",
      " [0.4 0.6]]\n",
      "30 ------- 30\n",
      "[[0.4 0.6]\n",
      " [0.4 0.6]]\n",
      "31 ------- 31\n",
      "[[0.4 0.6]\n",
      " [0.4 0.6]]\n",
      "32 ------- 32\n",
      "[[0.4 0.6]\n",
      " [0.4 0.6]]\n",
      "33 ------- 33\n",
      "[[0.4 0.6]\n",
      " [0.4 0.6]]\n",
      "34 ------- 34\n",
      "[[0.4 0.6]\n",
      " [0.4 0.6]]\n",
      "35 ------- 35\n",
      "[[0.4 0.6]\n",
      " [0.4 0.6]]\n",
      "36 ------- 36\n",
      "[[0.4 0.6]\n",
      " [0.4 0.6]]\n",
      "37 ------- 37\n",
      "[[0.4 0.6]\n",
      " [0.4 0.6]]\n",
      "38 ------- 38\n",
      "[[0.4 0.6]\n",
      " [0.4 0.6]]\n",
      "39 ------- 39\n",
      "[[0.4 0.6]\n",
      " [0.4 0.6]]\n",
      "40 ------- 40\n",
      "[[0.4 0.6]\n",
      " [0.4 0.6]]\n",
      "41 ------- 41\n",
      "[[0.4 0.6]\n",
      " [0.4 0.6]]\n",
      "42 ------- 42\n",
      "[[0.4 0.6]\n",
      " [0.4 0.6]]\n",
      "43 ------- 43\n",
      "[[0.4 0.6]\n",
      " [0.4 0.6]]\n",
      "44 ------- 44\n",
      "[[0.4 0.6]\n",
      " [0.4 0.6]]\n",
      "45 ------- 45\n",
      "[[0.4 0.6]\n",
      " [0.4 0.6]]\n",
      "46 ------- 46\n",
      "[[0.4 0.6]\n",
      " [0.4 0.6]]\n",
      "47 ------- 47\n",
      "[[0.4 0.6]\n",
      " [0.4 0.6]]\n",
      "48 ------- 48\n",
      "[[0.4 0.6]\n",
      " [0.4 0.6]]\n",
      "49 ------- 49\n",
      "[[0.4 0.6]\n",
      " [0.4 0.6]]\n",
      "50 ------- 50\n",
      "[[0.4 0.6]\n",
      " [0.4 0.6]]\n",
      "51 ------- 51\n",
      "[[0.4 0.6]\n",
      " [0.4 0.6]]\n",
      "52 ------- 52\n",
      "[[0.4 0.6]\n",
      " [0.4 0.6]]\n",
      "53 ------- 53\n",
      "[[0.4 0.6]\n",
      " [0.4 0.6]]\n",
      "54 ------- 54\n",
      "[[0.4 0.6]\n",
      " [0.4 0.6]]\n",
      "\n",
      "La matriz estable es:\n",
      " [[0.4 0.6]\n",
      " [0.4 0.6]]\n"
     ]
    }
   ],
   "source": [
    "#DETECTAR MATRIZ ESTABLE\n",
    "for i in range(1000):\n",
    "    if i == 0:\n",
    "        m_aux = np.dot(m1, m1)\n",
    "        print(m_aux)\n",
    "        print(\"1-------------\", i + 1)\n",
    "    else:\n",
    "        y = i + 1\n",
    "        m_aux_anterior = m_aux\n",
    "        m_aux = np.dot(m_aux, m1)\n",
    "        print(m_aux)\n",
    "        if (np.array_equal(m_aux, m_aux_anterior)):\n",
    "            break\n",
    "        print(y, \"-------\", i + 1)\n",
    "print()\n",
    "print(\"La matriz estable es:\\n\", np.round(m_aux, 4))"
   ]
  },
  {
   "cell_type": "code",
   "execution_count": 128,
   "id": "b1a6ea85",
   "metadata": {},
   "outputs": [
    {
     "data": {
      "text/plain": [
       "matrix([[900, 100]])"
      ]
     },
     "execution_count": 128,
     "metadata": {},
     "output_type": "execute_result"
    }
   ],
   "source": [
    "\n",
    "poblacion_inicial = np.matrix([900, 100])\n",
    "poblacion_inicial"
   ]
  },
  {
   "cell_type": "code",
   "execution_count": 129,
   "id": "52b062e8",
   "metadata": {},
   "outputs": [
    {
     "name": "stdout",
     "output_type": "stream",
     "text": [
      "La poblacion del proximo mes es:\n",
      " [[650. 350.]]\n"
     ]
    }
   ],
   "source": [
    "#¿Cuantos lo comprararn el mes proximo?\n",
    "poblacion_proxima = np.dot(poblacion_inicial, m1)\n",
    "print(\"La poblacion del proximo mes es:\\n\", np.round(poblacion_proxima, 4))"
   ]
  },
  {
   "cell_type": "code",
   "execution_count": 130,
   "id": "08f451fd",
   "metadata": {},
   "outputs": [
    {
     "name": "stdout",
     "output_type": "stream",
     "text": [
      "La poblacion del proximo mes es:\n",
      " [[525. 475.]]\n"
     ]
    }
   ],
   "source": [
    "#¿Cuantos lo comprararn en 2 meses?\n",
    "poblacion_dos = np.dot(poblacion_proxima, m1)\n",
    "print(\"La poblacion del proximo mes es:\\n\", np.round(poblacion_dos, 4))"
   ]
  },
  {
   "cell_type": "markdown",
   "id": "97999e50",
   "metadata": {},
   "source": [
    "2.- (Cadena de MARKOV) La cervecería más importante del mundo (Guiness) ha contratado a un analista de investigación de operaciones para analizar su posición en el mercado. Están preocupados en especial por su mayor competidor (Heineken). El analista piensa que el cambio de marca se puede modelar como una cadena de Markov incluyendo tres estados, los estados G y H representan a los clientes que beben cerveza producida por las mencionadas cervecerías y el estado I representa todas las demás marcas. Los datos se\n",
    "\n",
    "toman cada mes y el analista ha construido la siguiente matriz de transición de los datos históricos."
   ]
  },
  {
   "cell_type": "code",
   "execution_count": 131,
   "id": "7b53f2de",
   "metadata": {},
   "outputs": [
    {
     "data": {
      "text/plain": [
       "matrix([[0.7 , 0.2 , 0.1 ],\n",
       "        [0.2 , 0.75, 0.05],\n",
       "        [0.1 , 0.1 , 0.8 ]])"
      ]
     },
     "execution_count": 131,
     "metadata": {},
     "output_type": "execute_result"
    }
   ],
   "source": [
    "\"\"\"\"\n",
    "   G    H     I\n",
    "G[0.7, 0.2, 0.1]\n",
    "H[0.2, 0.75, 0.05]\n",
    "I[0.1, 0.1, 0.8]\n",
    "\"\"\"\n",
    "#¿CUALES SON LOS PORCENTAJES DE MERCADO EN EL ESTADO ESTABLE PARA LAS DOS CERVECERIAS MAS GRANDES?\n",
    "\n",
    "import numpy as np\n",
    "m1 = np.matrix([[0.7, 0.2, 0.1],[0.2, 0.75, 0.05], [0.1, 0.1, 0.8]])\n",
    "m1"
   ]
  },
  {
   "cell_type": "code",
   "execution_count": 132,
   "id": "1bb4afe9",
   "metadata": {},
   "outputs": [],
   "source": [
    "m_aux = np.matrix([[], [], []])\n",
    "m_aux_anterior = np.matrix([[], [], []])"
   ]
  },
  {
   "cell_type": "code",
   "execution_count": 133,
   "id": "34c87ebd",
   "metadata": {},
   "outputs": [
    {
     "name": "stdout",
     "output_type": "stream",
     "text": [
      "[[0.54   0.3    0.16  ]\n",
      " [0.295  0.6075 0.0975]\n",
      " [0.17   0.175  0.655 ]]\n",
      "1------------- 1\n",
      "[[0.454    0.349    0.197   ]\n",
      " [0.33775  0.524375 0.137875]\n",
      " [0.2195   0.23075  0.54975 ]]\n",
      "2 ------- 2\n",
      "[[0.4073     0.37225    0.22045   ]\n",
      " [0.3550875  0.47461875 0.17029375]\n",
      " [0.254775   0.2719375  0.4732875 ]]\n",
      "3 ------- 3\n",
      "[[0.381605   0.3826925  0.2357025 ]\n",
      " [0.36051437 0.44401094 0.19547469]\n",
      " [0.28005875 0.30223688 0.41770438]]\n",
      "4 ------- 4\n",
      "[[0.36723225 0.38691062 0.24585713]\n",
      " [0.36070972 0.42465855 0.21463173]\n",
      " [0.29825894 0.32445984 0.37728122]]\n",
      "5 ------- 5\n",
      "[[0.35903041 0.38821513 0.25275446]\n",
      " [0.35889169 0.41209903 0.22900929]\n",
      " [0.31140135 0.34072479 0.34787386]]\n",
      "6 ------- 6\n",
      "[[0.35423976 0.38824288 0.25751736]\n",
      " [0.35654491 0.40375354 0.23970155]\n",
      " [0.32091329 0.35261125 0.32647546]]\n",
      "7 ------- 7\n",
      "[[0.35136814 0.38778185 0.26085001]\n",
      " [0.3543023  0.39809429 0.24760341]\n",
      " [0.3278091  0.36128864 0.31090226]]\n",
      "8 ------- 8\n",
      "[[0.34959907 0.38719501 0.26320591]\n",
      " [0.35239081 0.39419152 0.25341767]\n",
      " [0.33281432 0.36761853 0.29956715]]\n",
      "9 ------- 9\n",
      "[[0.34847894 0.38663667 0.26488439]\n",
      " [0.35085364 0.39146357 0.25768279]\n",
      " [0.33645045 0.37223347 0.29131608]]\n",
      "10 ------- 10\n",
      "[[0.34775103 0.38616173 0.26608724]\n",
      " [0.34965854 0.38953668 0.26080478]\n",
      " [0.33909362 0.3755968  0.28530958]]\n",
      "11 ------- 11\n",
      "[[0.34726679 0.38578023 0.26695298]\n",
      " [0.34874879 0.3881647  0.26308651]\n",
      " [0.34101585 0.37804728 0.28093687]]\n",
      "12 ------- 12\n",
      "[[0.3469381  0.38548383 0.26757808]\n",
      " [0.34806575 0.38718193 0.26475232]\n",
      " [0.34241424 0.37983232 0.27775344]]\n",
      "13 ------- 13\n",
      "[[0.34671124 0.3852583  0.26803046]\n",
      " [0.34755764 0.38647483 0.26596753]\n",
      " [0.34343177 0.38113243 0.27543579]]\n",
      "14 ------- 14\n",
      "[[0.34655257 0.38508902 0.26835841]\n",
      " [0.34718207 0.3859644  0.26685353]\n",
      " [0.34417231 0.38207926 0.27374843]]\n",
      "15 ------- 15\n",
      "[[0.34644045 0.38496312 0.26859643]\n",
      " [0.34690568 0.38559507 0.26749925]\n",
      " [0.34471131 0.38276875 0.27251994]]\n",
      "16 ------- 16\n",
      "[[0.34636058 0.38487007 0.26876935]\n",
      " [0.34670292 0.38532736 0.26796972]\n",
      " [0.34510366 0.38327082 0.27162552]]\n",
      "17 ------- 17\n",
      "[[0.34630336 0.3848016  0.26889504]\n",
      " [0.34655449 0.38513308 0.26831244]\n",
      " [0.34538928 0.3836364  0.27097432]]\n",
      "18 ------- 18\n",
      "[[0.34626217 0.38475138 0.26898645]\n",
      " [0.346446   0.38499195 0.26856205]\n",
      " [0.34559721 0.38390259 0.27050021]]\n",
      "19 ------- 19\n",
      "[[0.34623244 0.38471461 0.26905294]\n",
      " [0.34636679 0.38488937 0.26874384]\n",
      " [0.34574858 0.3840964  0.27015502]]\n",
      "20 ------- 20\n",
      "[[0.34621093 0.38468774 0.26910133]\n",
      " [0.34630901 0.38481477 0.26887622]\n",
      " [0.34585879 0.38423752 0.26990369]]\n",
      "21 ------- 21\n",
      "[[0.34619533 0.38466813 0.26913654]\n",
      " [0.34626688 0.3847605  0.26897261]\n",
      " [0.34593903 0.38434027 0.26972071]]\n",
      "22 ------- 22\n",
      "[[0.34618401 0.38465381 0.26916217]\n",
      " [0.34623618 0.38472101 0.26904281]\n",
      " [0.34599744 0.38441508 0.26958748]]\n",
      "23 ------- 23\n",
      "[[0.34617579 0.38464338 0.26918083]\n",
      " [0.34621381 0.38469228 0.26909391]\n",
      " [0.34603997 0.38446954 0.26949048]]\n",
      "24 ------- 24\n",
      "[[0.34616981 0.38463578 0.26919441]\n",
      " [0.34619751 0.38467136 0.26913113]\n",
      " [0.34607094 0.3845092  0.26941986]]\n",
      "25 ------- 25\n",
      "[[0.34616546 0.38463024 0.2692043 ]\n",
      " [0.34618564 0.38465614 0.26915822]\n",
      " [0.34609348 0.38453807 0.26936844]]\n",
      "26 ------- 26\n",
      "[[0.3461623  0.3846262  0.2692115 ]\n",
      " [0.346177   0.38464505 0.26917795]\n",
      " [0.3461099  0.3845591  0.26933101]]\n",
      "27 ------- 27\n",
      "[[0.34616    0.38462326 0.26921674]\n",
      " [0.34617071 0.38463698 0.26919231]\n",
      " [0.34612185 0.3845744  0.26930375]]\n",
      "28 ------- 28\n",
      "[[0.34615833 0.38462112 0.26922055]\n",
      " [0.34616612 0.38463111 0.26920277]\n",
      " [0.34613055 0.38458555 0.2692839 ]]\n",
      "29 ------- 29\n",
      "[[0.34615711 0.38461956 0.26922333]\n",
      " [0.34616278 0.38462683 0.26921038]\n",
      " [0.34613688 0.38459366 0.26926946]]\n",
      "30 ------- 30\n",
      "[[0.34615622 0.38461842 0.26922535]\n",
      " [0.34616035 0.38462372 0.26921593]\n",
      " [0.3461415  0.38459957 0.26925894]]\n",
      "31 ------- 31\n",
      "[[0.34615557 0.3846176  0.26922683]\n",
      " [0.34615858 0.38462145 0.26921996]\n",
      " [0.34614485 0.38460387 0.26925128]]\n",
      "32 ------- 32\n",
      "[[0.3461551 0.384617  0.2692279]\n",
      " [0.3461573 0.3846198 0.2692229]\n",
      " [0.3461473 0.384607  0.2692457]]\n",
      "33 ------- 33\n",
      "[[0.34615476 0.38461656 0.26922868]\n",
      " [0.34615636 0.3846186  0.26922504]\n",
      " [0.34614908 0.38460928 0.26924164]]\n",
      "34 ------- 34\n",
      "[[0.34615451 0.38461624 0.26922925]\n",
      " [0.34615567 0.38461773 0.2692266 ]\n",
      " [0.34615038 0.38461094 0.26923868]]\n",
      "35 ------- 35\n",
      "[[0.34615433 0.38461601 0.26922966]\n",
      " [0.34615518 0.38461709 0.26922773]\n",
      " [0.34615132 0.38461215 0.26923653]]\n",
      "36 ------- 36\n",
      "[[0.3461542  0.38461584 0.26922996]\n",
      " [0.34615482 0.38461663 0.26922856]\n",
      " [0.34615201 0.38461303 0.26923496]]\n",
      "37 ------- 37\n",
      "[[0.3461541  0.38461571 0.26923018]\n",
      " [0.34615455 0.38461629 0.26922916]\n",
      " [0.34615251 0.38461367 0.26923382]]\n",
      "38 ------- 38\n",
      "[[0.34615403 0.38461562 0.26923034]\n",
      " [0.34615436 0.38461604 0.2692296 ]\n",
      " [0.34615287 0.38461414 0.26923299]]\n",
      "39 ------- 39\n",
      "[[0.34615398 0.38461556 0.26923046]\n",
      " [0.34615422 0.38461586 0.26922992]\n",
      " [0.34615314 0.38461448 0.26923239]]\n",
      "40 ------- 40\n",
      "[[0.34615395 0.38461551 0.26923054]\n",
      " [0.34615412 0.38461573 0.26923015]\n",
      " [0.34615333 0.38461472 0.26923195]]\n",
      "41 ------- 41\n",
      "[[0.34615392 0.38461548 0.2692306 ]\n",
      " [0.34615404 0.38461564 0.26923032]\n",
      " [0.34615347 0.3846149  0.26923163]]\n",
      "42 ------- 42\n",
      "[[0.3461539  0.38461545 0.26923065]\n",
      " [0.34615399 0.38461557 0.26923044]\n",
      " [0.34615357 0.38461503 0.26923139]]\n",
      "43 ------- 43\n",
      "[[0.34615388 0.38461543 0.26923068]\n",
      " [0.34615395 0.38461552 0.26923053]\n",
      " [0.34615365 0.38461513 0.26923122]]\n",
      "44 ------- 44\n",
      "[[0.34615387 0.38461542 0.26923071]\n",
      " [0.34615392 0.38461548 0.26923059]\n",
      " [0.3461537  0.3846152  0.2692311 ]]\n",
      "45 ------- 45\n",
      "[[0.34615387 0.38461541 0.26923072]\n",
      " [0.3461539  0.38461546 0.26923064]\n",
      " [0.34615374 0.38461525 0.26923101]]\n",
      "46 ------- 46\n",
      "[[0.34615386 0.3846154  0.26923074]\n",
      " [0.34615389 0.38461544 0.26923068]\n",
      " [0.34615377 0.38461529 0.26923094]]\n",
      "47 ------- 47\n",
      "[[0.34615386 0.3846154  0.26923074]\n",
      " [0.34615388 0.38461542 0.2692307 ]\n",
      " [0.34615379 0.38461531 0.2692309 ]]\n",
      "48 ------- 48\n",
      "[[0.34615385 0.38461539 0.26923075]\n",
      " [0.34615387 0.38461541 0.26923072]\n",
      " [0.34615381 0.38461533 0.26923086]]\n",
      "49 ------- 49\n",
      "[[0.34615385 0.38461539 0.26923076]\n",
      " [0.34615386 0.3846154  0.26923073]\n",
      " [0.34615382 0.38461535 0.26923084]]\n",
      "50 ------- 50\n",
      "[[0.34615385 0.38461539 0.26923076]\n",
      " [0.34615386 0.3846154  0.26923074]\n",
      " [0.34615382 0.38461536 0.26923082]]\n",
      "51 ------- 51\n",
      "[[0.34615385 0.38461539 0.26923076]\n",
      " [0.34615385 0.3846154  0.26923075]\n",
      " [0.34615383 0.38461536 0.26923081]]\n",
      "52 ------- 52\n",
      "[[0.34615385 0.38461539 0.26923076]\n",
      " [0.34615385 0.38461539 0.26923076]\n",
      " [0.34615383 0.38461537 0.2692308 ]]\n",
      "53 ------- 53\n",
      "[[0.34615385 0.38461539 0.26923077]\n",
      " [0.34615385 0.38461539 0.26923076]\n",
      " [0.34615384 0.38461537 0.26923079]]\n",
      "54 ------- 54\n",
      "[[0.34615385 0.38461539 0.26923077]\n",
      " [0.34615385 0.38461539 0.26923076]\n",
      " [0.34615384 0.38461538 0.26923078]]\n",
      "55 ------- 55\n",
      "[[0.34615385 0.38461539 0.26923077]\n",
      " [0.34615385 0.38461539 0.26923076]\n",
      " [0.34615384 0.38461538 0.26923078]]\n",
      "56 ------- 56\n",
      "[[0.34615385 0.38461539 0.26923077]\n",
      " [0.34615385 0.38461539 0.26923077]\n",
      " [0.34615384 0.38461538 0.26923078]]\n",
      "57 ------- 57\n",
      "[[0.34615385 0.38461539 0.26923077]\n",
      " [0.34615385 0.38461539 0.26923077]\n",
      " [0.34615384 0.38461538 0.26923077]]\n",
      "58 ------- 58\n",
      "[[0.34615385 0.38461539 0.26923077]\n",
      " [0.34615385 0.38461539 0.26923077]\n",
      " [0.34615384 0.38461538 0.26923077]]\n",
      "59 ------- 59\n",
      "[[0.34615385 0.38461538 0.26923077]\n",
      " [0.34615385 0.38461539 0.26923077]\n",
      " [0.34615384 0.38461538 0.26923077]]\n",
      "60 ------- 60\n",
      "[[0.34615385 0.38461538 0.26923077]\n",
      " [0.34615385 0.38461539 0.26923077]\n",
      " [0.34615385 0.38461538 0.26923077]]\n",
      "61 ------- 61\n",
      "[[0.34615385 0.38461538 0.26923077]\n",
      " [0.34615385 0.38461539 0.26923077]\n",
      " [0.34615385 0.38461538 0.26923077]]\n",
      "62 ------- 62\n",
      "[[0.34615385 0.38461538 0.26923077]\n",
      " [0.34615385 0.38461538 0.26923077]\n",
      " [0.34615385 0.38461538 0.26923077]]\n",
      "63 ------- 63\n",
      "[[0.34615385 0.38461538 0.26923077]\n",
      " [0.34615385 0.38461538 0.26923077]\n",
      " [0.34615385 0.38461538 0.26923077]]\n",
      "64 ------- 64\n",
      "[[0.34615385 0.38461538 0.26923077]\n",
      " [0.34615385 0.38461538 0.26923077]\n",
      " [0.34615385 0.38461538 0.26923077]]\n",
      "65 ------- 65\n",
      "[[0.34615385 0.38461538 0.26923077]\n",
      " [0.34615385 0.38461538 0.26923077]\n",
      " [0.34615385 0.38461538 0.26923077]]\n",
      "66 ------- 66\n",
      "[[0.34615385 0.38461538 0.26923077]\n",
      " [0.34615385 0.38461538 0.26923077]\n",
      " [0.34615385 0.38461538 0.26923077]]\n",
      "67 ------- 67\n",
      "[[0.34615385 0.38461538 0.26923077]\n",
      " [0.34615385 0.38461538 0.26923077]\n",
      " [0.34615385 0.38461538 0.26923077]]\n",
      "68 ------- 68\n",
      "[[0.34615385 0.38461538 0.26923077]\n",
      " [0.34615385 0.38461538 0.26923077]\n",
      " [0.34615385 0.38461538 0.26923077]]\n",
      "69 ------- 69\n",
      "[[0.34615385 0.38461538 0.26923077]\n",
      " [0.34615385 0.38461538 0.26923077]\n",
      " [0.34615385 0.38461538 0.26923077]]\n",
      "70 ------- 70\n",
      "[[0.34615385 0.38461538 0.26923077]\n",
      " [0.34615385 0.38461538 0.26923077]\n",
      " [0.34615385 0.38461538 0.26923077]]\n",
      "71 ------- 71\n",
      "[[0.34615385 0.38461538 0.26923077]\n",
      " [0.34615385 0.38461538 0.26923077]\n",
      " [0.34615385 0.38461538 0.26923077]]\n",
      "72 ------- 72\n",
      "[[0.34615385 0.38461538 0.26923077]\n",
      " [0.34615385 0.38461538 0.26923077]\n",
      " [0.34615385 0.38461538 0.26923077]]\n",
      "73 ------- 73\n",
      "[[0.34615385 0.38461538 0.26923077]\n",
      " [0.34615385 0.38461538 0.26923077]\n",
      " [0.34615385 0.38461538 0.26923077]]\n",
      "74 ------- 74\n",
      "[[0.34615385 0.38461538 0.26923077]\n",
      " [0.34615385 0.38461538 0.26923077]\n",
      " [0.34615385 0.38461538 0.26923077]]\n",
      "75 ------- 75\n",
      "[[0.34615385 0.38461538 0.26923077]\n",
      " [0.34615385 0.38461538 0.26923077]\n",
      " [0.34615385 0.38461538 0.26923077]]\n",
      "76 ------- 76\n",
      "[[0.34615385 0.38461538 0.26923077]\n",
      " [0.34615385 0.38461538 0.26923077]\n",
      " [0.34615385 0.38461538 0.26923077]]\n",
      "77 ------- 77\n",
      "[[0.34615385 0.38461538 0.26923077]\n",
      " [0.34615385 0.38461538 0.26923077]\n",
      " [0.34615385 0.38461538 0.26923077]]\n",
      "78 ------- 78\n",
      "[[0.34615385 0.38461538 0.26923077]\n",
      " [0.34615385 0.38461538 0.26923077]\n",
      " [0.34615385 0.38461538 0.26923077]]\n",
      "79 ------- 79\n",
      "[[0.34615385 0.38461538 0.26923077]\n",
      " [0.34615385 0.38461538 0.26923077]\n",
      " [0.34615385 0.38461538 0.26923077]]\n",
      "80 ------- 80\n",
      "[[0.34615385 0.38461538 0.26923077]\n",
      " [0.34615385 0.38461538 0.26923077]\n",
      " [0.34615385 0.38461538 0.26923077]]\n",
      "81 ------- 81\n",
      "[[0.34615385 0.38461538 0.26923077]\n",
      " [0.34615385 0.38461538 0.26923077]\n",
      " [0.34615385 0.38461538 0.26923077]]\n",
      "82 ------- 82\n",
      "[[0.34615385 0.38461538 0.26923077]\n",
      " [0.34615385 0.38461538 0.26923077]\n",
      " [0.34615385 0.38461538 0.26923077]]\n",
      "83 ------- 83\n",
      "[[0.34615385 0.38461538 0.26923077]\n",
      " [0.34615385 0.38461538 0.26923077]\n",
      " [0.34615385 0.38461538 0.26923077]]\n",
      "84 ------- 84\n",
      "[[0.34615385 0.38461538 0.26923077]\n",
      " [0.34615385 0.38461538 0.26923077]\n",
      " [0.34615385 0.38461538 0.26923077]]\n",
      "85 ------- 85\n",
      "[[0.34615385 0.38461538 0.26923077]\n",
      " [0.34615385 0.38461538 0.26923077]\n",
      " [0.34615385 0.38461538 0.26923077]]\n",
      "86 ------- 86\n",
      "[[0.34615385 0.38461538 0.26923077]\n",
      " [0.34615385 0.38461538 0.26923077]\n",
      " [0.34615385 0.38461538 0.26923077]]\n",
      "87 ------- 87\n",
      "[[0.34615385 0.38461538 0.26923077]\n",
      " [0.34615385 0.38461538 0.26923077]\n",
      " [0.34615385 0.38461538 0.26923077]]\n",
      "88 ------- 88\n",
      "[[0.34615385 0.38461538 0.26923077]\n",
      " [0.34615385 0.38461538 0.26923077]\n",
      " [0.34615385 0.38461538 0.26923077]]\n",
      "89 ------- 89\n",
      "[[0.34615385 0.38461538 0.26923077]\n",
      " [0.34615385 0.38461538 0.26923077]\n",
      " [0.34615385 0.38461538 0.26923077]]\n",
      "90 ------- 90\n",
      "[[0.34615385 0.38461538 0.26923077]\n",
      " [0.34615385 0.38461538 0.26923077]\n",
      " [0.34615385 0.38461538 0.26923077]]\n",
      "91 ------- 91\n",
      "[[0.34615385 0.38461538 0.26923077]\n",
      " [0.34615385 0.38461538 0.26923077]\n",
      " [0.34615385 0.38461538 0.26923077]]\n",
      "92 ------- 92\n",
      "[[0.34615385 0.38461538 0.26923077]\n",
      " [0.34615385 0.38461538 0.26923077]\n",
      " [0.34615385 0.38461538 0.26923077]]\n",
      "93 ------- 93\n",
      "[[0.34615385 0.38461538 0.26923077]\n",
      " [0.34615385 0.38461538 0.26923077]\n",
      " [0.34615385 0.38461538 0.26923077]]\n",
      "94 ------- 94\n",
      "[[0.34615385 0.38461538 0.26923077]\n",
      " [0.34615385 0.38461538 0.26923077]\n",
      " [0.34615385 0.38461538 0.26923077]]\n",
      "95 ------- 95\n",
      "[[0.34615385 0.38461538 0.26923077]\n",
      " [0.34615385 0.38461538 0.26923077]\n",
      " [0.34615385 0.38461538 0.26923077]]\n",
      "96 ------- 96\n",
      "[[0.34615385 0.38461538 0.26923077]\n",
      " [0.34615385 0.38461538 0.26923077]\n",
      " [0.34615385 0.38461538 0.26923077]]\n",
      "97 ------- 97\n",
      "[[0.34615385 0.38461538 0.26923077]\n",
      " [0.34615385 0.38461538 0.26923077]\n",
      " [0.34615385 0.38461538 0.26923077]]\n",
      "98 ------- 98\n",
      "[[0.34615385 0.38461538 0.26923077]\n",
      " [0.34615385 0.38461538 0.26923077]\n",
      " [0.34615385 0.38461538 0.26923077]]\n",
      "99 ------- 99\n",
      "[[0.34615385 0.38461538 0.26923077]\n",
      " [0.34615385 0.38461538 0.26923077]\n",
      " [0.34615385 0.38461538 0.26923077]]\n",
      "100 ------- 100\n",
      "[[0.34615385 0.38461538 0.26923077]\n",
      " [0.34615385 0.38461538 0.26923077]\n",
      " [0.34615385 0.38461538 0.26923077]]\n",
      "101 ------- 101\n",
      "[[0.34615385 0.38461538 0.26923077]\n",
      " [0.34615385 0.38461538 0.26923077]\n",
      " [0.34615385 0.38461538 0.26923077]]\n",
      "102 ------- 102\n",
      "[[0.34615385 0.38461538 0.26923077]\n",
      " [0.34615385 0.38461538 0.26923077]\n",
      " [0.34615385 0.38461538 0.26923077]]\n",
      "103 ------- 103\n",
      "[[0.34615385 0.38461538 0.26923077]\n",
      " [0.34615385 0.38461538 0.26923077]\n",
      " [0.34615385 0.38461538 0.26923077]]\n",
      "104 ------- 104\n",
      "[[0.34615385 0.38461538 0.26923077]\n",
      " [0.34615385 0.38461538 0.26923077]\n",
      " [0.34615385 0.38461538 0.26923077]]\n",
      "105 ------- 105\n",
      "[[0.34615385 0.38461538 0.26923077]\n",
      " [0.34615385 0.38461538 0.26923077]\n",
      " [0.34615385 0.38461538 0.26923077]]\n",
      "106 ------- 106\n",
      "[[0.34615385 0.38461538 0.26923077]\n",
      " [0.34615385 0.38461538 0.26923077]\n",
      " [0.34615385 0.38461538 0.26923077]]\n",
      "107 ------- 107\n",
      "[[0.34615385 0.38461538 0.26923077]\n",
      " [0.34615385 0.38461538 0.26923077]\n",
      " [0.34615385 0.38461538 0.26923077]]\n",
      "108 ------- 108\n",
      "[[0.34615385 0.38461538 0.26923077]\n",
      " [0.34615385 0.38461538 0.26923077]\n",
      " [0.34615385 0.38461538 0.26923077]]\n",
      "109 ------- 109\n",
      "[[0.34615385 0.38461538 0.26923077]\n",
      " [0.34615385 0.38461538 0.26923077]\n",
      " [0.34615385 0.38461538 0.26923077]]\n",
      "110 ------- 110\n",
      "[[0.34615385 0.38461538 0.26923077]\n",
      " [0.34615385 0.38461538 0.26923077]\n",
      " [0.34615385 0.38461538 0.26923077]]\n",
      "111 ------- 111\n",
      "[[0.34615385 0.38461538 0.26923077]\n",
      " [0.34615385 0.38461538 0.26923077]\n",
      " [0.34615385 0.38461538 0.26923077]]\n",
      "112 ------- 112\n",
      "[[0.34615385 0.38461538 0.26923077]\n",
      " [0.34615385 0.38461538 0.26923077]\n",
      " [0.34615385 0.38461538 0.26923077]]\n",
      "113 ------- 113\n",
      "[[0.34615385 0.38461538 0.26923077]\n",
      " [0.34615385 0.38461538 0.26923077]\n",
      " [0.34615385 0.38461538 0.26923077]]\n",
      "114 ------- 114\n",
      "[[0.34615385 0.38461538 0.26923077]\n",
      " [0.34615385 0.38461538 0.26923077]\n",
      " [0.34615385 0.38461538 0.26923077]]\n",
      "115 ------- 115\n",
      "[[0.34615385 0.38461538 0.26923077]\n",
      " [0.34615385 0.38461538 0.26923077]\n",
      " [0.34615385 0.38461538 0.26923077]]\n",
      "116 ------- 116\n",
      "[[0.34615385 0.38461538 0.26923077]\n",
      " [0.34615385 0.38461538 0.26923077]\n",
      " [0.34615385 0.38461538 0.26923077]]\n",
      "117 ------- 117\n",
      "[[0.34615385 0.38461538 0.26923077]\n",
      " [0.34615385 0.38461538 0.26923077]\n",
      " [0.34615385 0.38461538 0.26923077]]\n",
      "118 ------- 118\n",
      "[[0.34615385 0.38461538 0.26923077]\n",
      " [0.34615385 0.38461538 0.26923077]\n",
      " [0.34615385 0.38461538 0.26923077]]\n",
      "119 ------- 119\n",
      "[[0.34615385 0.38461538 0.26923077]\n",
      " [0.34615385 0.38461538 0.26923077]\n",
      " [0.34615385 0.38461538 0.26923077]]\n",
      "120 ------- 120\n",
      "[[0.34615385 0.38461538 0.26923077]\n",
      " [0.34615385 0.38461538 0.26923077]\n",
      " [0.34615385 0.38461538 0.26923077]]\n",
      "121 ------- 121\n",
      "[[0.34615385 0.38461538 0.26923077]\n",
      " [0.34615385 0.38461538 0.26923077]\n",
      " [0.34615385 0.38461538 0.26923077]]\n",
      "\n",
      "La matriz estable es:\n",
      " [[0.3462 0.3846 0.2692]\n",
      " [0.3462 0.3846 0.2692]\n",
      " [0.3462 0.3846 0.2692]]\n",
      "-------------------\n",
      "[[0.346 0.385 0.269]\n",
      " [0.346 0.385 0.269]\n",
      " [0.346 0.385 0.269]]\n"
     ]
    }
   ],
   "source": [
    "#DETECTAR MATRIZ ESTABLE\n",
    "for i in range(1000):\n",
    "    if i == 0:\n",
    "        m_aux = np.dot(m1, m1)\n",
    "        print(m_aux)\n",
    "        print(\"1-------------\", i + 1)\n",
    "    else:\n",
    "        y = i + 1\n",
    "        m_aux_anterior = m_aux\n",
    "        m_aux = np.dot(m_aux, m1)\n",
    "        print(m_aux)\n",
    "        if (np.array_equal(m_aux, m_aux_anterior)):\n",
    "            break\n",
    "        print(y, \"-------\", i + 1)\n",
    "print()\n",
    "print(\"La matriz estable es:\\n\", np.round(m_aux, 4))\n",
    "print(\"-------------------\")\n",
    "print(np.round(m_aux, 3))"
   ]
  },
  {
   "cell_type": "code",
   "execution_count": 134,
   "id": "a8a2aea4",
   "metadata": {},
   "outputs": [
    {
     "name": "stdout",
     "output_type": "stream",
     "text": [
      "El porcentaje para guinness en el mercado es: 34.62 %\n",
      "El porcentaje para heineken en el mercado es: 38.46 %\n",
      "El porcentaje para las demas en el mercado es: 26.92 %\n"
     ]
    }
   ],
   "source": [
    "print(\"El porcentaje para guinness en el mercado es:\", round(m_aux[2,0] * 100, 2), \"%\")\n",
    "\n",
    "print(\"El porcentaje para heineken en el mercado es:\", round(m_aux[2,1] * 100, 2), \"%\")\n",
    "\n",
    "print(\"El porcentaje para las demas en el mercado es:\", round(m_aux[2,2] * 100, 2), \"%\")"
   ]
  },
  {
   "cell_type": "markdown",
   "id": "721486c4",
   "metadata": {},
   "source": [
    "3.- Problema Planteado - Teoria de colas\n",
    "\n",
    "Una empresa tiene un centro de servicio donde los clientes llegan en promedio 8 clientes por hora (λ\\lambda) siguiendo un proceso de distribución de Poisson. Para atender a los clientes, hay tres servidores que trabajan de manera paralela y con un tiempo de servicio de 11 clientes por hora(μ\\muμ.) que sigue una distribución exponencial.\n",
    "\n",
    "Se desea analizar el desempeño del sistema de espera y responder las siguientes preguntas:\n",
    "\n",
    "1. Tiempo de espera promedio en la fila antes de ser atendido.\n",
    "\n",
    "2. Tiempo total promedio en el sistema (incluyendo servicio).\n",
    "\n",
    "3. Número promedio de clientes en el sistema en cualquier instante.\n",
    "\n",
    "4. Probabilidad de que un cliente tenga que esperar (es decir, todos los servidores están ocupados).\n",
    "\n",
    "5. Nivel de utilización del sistema (ratio entre la tasa de llegada y la capacidad total de servicio)."
   ]
  },
  {
   "cell_type": "code",
   "execution_count": 135,
   "id": "e4310e10",
   "metadata": {},
   "outputs": [],
   "source": [
    "from math import exp\n",
    "from math import factorial"
   ]
  },
  {
   "cell_type": "code",
   "execution_count": 136,
   "id": "8580f023",
   "metadata": {},
   "outputs": [],
   "source": [
    "#UtilizacionPromedio\n",
    "def p(tasaLlegada, tasaServicio, servidores):\n",
    "    return (float(tasaLlegada/(tasaServicio*servidores)))"
   ]
  },
  {
   "cell_type": "code",
   "execution_count": 137,
   "id": "06c84723",
   "metadata": {},
   "outputs": [],
   "source": [
    "#p0\n",
    "def pZero(tasaLlegada, tasaServicio, servidores):\n",
    "    calc_parte1 = 0\n",
    "    for x in range(servidores):\n",
    "        calc_parte1 += ((tasaLlegada/tasaServicio)**x)/factorial(x)\n",
    "    seccion1 = ((tasaLlegada/tasaServicio)**servidores/factorial(servidores))\n",
    "    seccion2 = 1/(1-p(tasaLlegada, tasaServicio, servidores))\n",
    "    result_seccion2 = seccion1 * seccion2\n",
    "    return 1/ (calc_parte1 + result_seccion2)"
   ]
  },
  {
   "cell_type": "code",
   "execution_count": 138,
   "id": "35dbbdf9",
   "metadata": {},
   "outputs": [],
   "source": [
    "#NUMERO ESPERADO DE CLIENTES EN COLA (LQ)\n",
    "def lq(tasaServicio, tasaLlegada, servidores):\n",
    "    num = pZero(tasaLlegada, tasaServicio, servidores) * ((tasaLlegada/tasaServicio)**servidores) * p(tasaLlegada, tasaServicio, servidores)\n",
    "    den = factorial(servidores) * ((1-p(tasaLlegada, tasaServicio, servidores))**2)\n",
    "\n",
    "    return num/den"
   ]
  },
  {
   "cell_type": "code",
   "execution_count": 139,
   "id": "93736c65",
   "metadata": {},
   "outputs": [],
   "source": [
    "def l(tasaServicio, tasaLlegada, servidores):\n",
    "    return lq(tasaServicio, tasaLlegada, servidores) + (tasaLlegada/tasaServicio)"
   ]
  },
  {
   "cell_type": "code",
   "execution_count": 140,
   "id": "1a1c6917",
   "metadata": {},
   "outputs": [],
   "source": [
    "#TIEMPO PROMEDIO EN COLA\n",
    "def wq(tasaServicio, tasaLlegada, servidores):\n",
    "    return lq(tasaServicio, tasaLlegada, servidores) / tasaLlegada  "
   ]
  },
  {
   "cell_type": "code",
   "execution_count": 141,
   "id": "d3019d02",
   "metadata": {},
   "outputs": [],
   "source": [
    "def w(tasaServicio, tasaLlegada, servidores):\n",
    "    return wq(tasaServicio, tasaLlegada, servidores) + (1/tasaServicio)"
   ]
  },
  {
   "cell_type": "code",
   "execution_count": 142,
   "id": "0f1711e3",
   "metadata": {},
   "outputs": [],
   "source": [
    "def Pw(tasaServicio, tasaLlegada, servidores):\n",
    "    mult1 = 1/factorial(servidores)\n",
    "    mult2 = (tasaLlegada/tasaServicio)**servidores\n",
    "    mutl3 = (servidores*tasaServicio)/(servidores*tasaServicio - tasaLlegada)\n",
    "    mult4 = pZero(tasaLlegada, tasaServicio, servidores)\n",
    "    return mult1 * mult2 * mutl3 * mult4\n"
   ]
  },
  {
   "cell_type": "code",
   "execution_count": 143,
   "id": "d45d9a2c",
   "metadata": {},
   "outputs": [],
   "source": [
    "tasaLlegada = int(input(\"Ingrese la tasa de llegadas por hora: \"))\n",
    "tasaServicio = int(input(\"Ingrese el ritmo de servicio por hora: \"))\n",
    "servidores = int(input(\"Ingrese el numero de servidores: \"))"
   ]
  },
  {
   "cell_type": "code",
   "execution_count": 144,
   "id": "75230201",
   "metadata": {},
   "outputs": [
    {
     "name": "stdout",
     "output_type": "stream",
     "text": [
      "Tiempo de espera promedio en la fila antes de ser atendido. 0.0016303136443241524\n"
     ]
    }
   ],
   "source": [
    "print(\"Tiempo de espera promedio en la fila antes de ser atendido.\", wq(tasaServicio, tasaLlegada, servidores))"
   ]
  },
  {
   "cell_type": "code",
   "execution_count": 145,
   "id": "df43bfd1",
   "metadata": {},
   "outputs": [
    {
     "name": "stdout",
     "output_type": "stream",
     "text": [
      "Tiempo total promedio en el sistema (incluyendo servicio). 0.09253940455341507\n"
     ]
    }
   ],
   "source": [
    "print(\"Tiempo total promedio en el sistema (incluyendo servicio).\", w(tasaServicio, tasaLlegada, servidores))"
   ]
  },
  {
   "cell_type": "code",
   "execution_count": 146,
   "id": "60a48c44",
   "metadata": {},
   "outputs": [
    {
     "name": "stdout",
     "output_type": "stream",
     "text": [
      "Número promedio de clientes en el sistema en cualquier instante. 0.7403152364273206\n"
     ]
    }
   ],
   "source": [
    "print(\"Número promedio de clientes en el sistema en cualquier instante.\", l(tasaServicio, tasaLlegada, servidores))"
   ]
  },
  {
   "cell_type": "code",
   "execution_count": 147,
   "id": "19378629",
   "metadata": {},
   "outputs": [
    {
     "name": "stdout",
     "output_type": "stream",
     "text": [
      "Probabilidad de que un cliente tenga que esperar (es decir, todos los servidores están ocupados). 0.04075784110810381\n"
     ]
    }
   ],
   "source": [
    "print(\"Probabilidad de que un cliente tenga que esperar (es decir, todos los servidores están ocupados).\", Pw(tasaServicio, tasaLlegada, servidores))"
   ]
  },
  {
   "cell_type": "code",
   "execution_count": 148,
   "id": "7b423899",
   "metadata": {},
   "outputs": [
    {
     "name": "stdout",
     "output_type": "stream",
     "text": [
      "5. Nivel de utilización del sistema (ratio entre la tasa de llegada y la capacidad total de servicio). 0.24242424242424243\n"
     ]
    }
   ],
   "source": [
    "print(\"5. Nivel de utilización del sistema (ratio entre la tasa de llegada y la capacidad total de servicio).\", p(tasaLlegada, tasaServicio, servidores))"
   ]
  }
 ],
 "metadata": {
  "kernelspec": {
   "display_name": "Python 3",
   "language": "python",
   "name": "python3"
  },
  "language_info": {
   "codemirror_mode": {
    "name": "ipython",
    "version": 3
   },
   "file_extension": ".py",
   "mimetype": "text/x-python",
   "name": "python",
   "nbconvert_exporter": "python",
   "pygments_lexer": "ipython3",
   "version": "3.10.11"
  }
 },
 "nbformat": 4,
 "nbformat_minor": 5
}
